80
81
82
83
84
85
86
87
88
89
90
91
92
93
94
95
96
98
99
102
155
156
157
158
159
210
214
215
216
217
219
261
262
272
276
283
284
285
286
287
288
289
290
291
292
293
294
295
296
297
298
301
319
321
322
323
324
325
326
327
328
329
330
331
332
333
334
335
336
337
338
339
340
341
342
343
344
345
346
347
348
349
350
351
352
353
359
360
361
362
363
364
365
366
367
368
369
370
371
372
374
376
377
378
379
380
381
382
386
387
388
389
390
391
392
393
394
395
396
397
398
399
400
401
402
403
404
405
406
407
408
409
410
411
412
413
414
415
416
417
418
419
420
421
422
423
424
425
426
427
428
429
430
431
432
433
434
435
436
437
438
439
440
441
442
443
444
445
446
447
448
449
450
451
452
453
454
455
456
457
458
459
460
461
462
463
464
465
466
467
468
469
470
471
472
473
474
475
476
477
478
479
480
481
482
483
484
485
486
490
491
509
510
511
512
513
514
515
516
517
518
519
520
521
522
523
524
525
526
527
528
529
530
531
532
533
534
535
536
537
538
539
540
541
542
543
544
545
546
547
548
549
550
551
552
553
554
555
556
557
558
559
560
561
562
563
564
565
566
567
568
569
570
571
572
573
574
575
576
577
578
579
580
581
582
583
584
585
586
587
588
589
590
591
592
593
594
595
596
597
598
599
600
601
602
603
604
605
606
607
608
609
610
611
612
613
614
615
616
617
618
619
620
621
622
623
624
625
626
627
628
629
630
631
632
633
634
635
636
637
638
639
640
641
642
643
644
645
646
647
648
649
650
651
652
653
654
655
656
657
658
659
660
661
662
663
664
665
666
667
668
669
670
671
672
673
674
675
676
677
678
679
680
681
682
683
684
685
686
687
688
689
690
691
692
693
694
695
696
697
698
699
700
701
702
703
704
705
706
707
708
709
710
711
712
713
714
715
716
717
718
719
720
721
722
723
724
725
726
727
728
729
730
731
732
733
734
735
736
737
738
739
740
741
742
743
744
745
746
747
748
749
750
751
752
753
754
755
756
757
758
759
760
761
762
763
764
765
766
767
768
769
770
771
772
773
774
775
776
777
778
779
780
781
782
787
788
789
790
791
792
793
794
795
796
797
798
799
800
801
802
803
804
805
806
807
808
809
810
811
812
813
814
815
816
817
818
819
820
821
822
823
824
825
826
827
828
829
830
831
832
833
834
835
836
837
838
839
840
841
842
843
844
845
846
847
848
849
850
851
852
853
854
855
856
857
858
859
860
861
862
863
864
865
866
867
868
869
870
871
872
873
874
875
876
877
878
879
880
881
882
883
884
885
886
887
888
889
890
891
892
893
894
895
896
897
898
899
900
901
902
903
904
905
906
907
908
909
910
911
912
913
914
915
916
917
918
919
920
921
922
923
924
925
926
927
928
929
930
931
932
933
934
935
936
937
938
939
940
942
944
945
946
947
948
949
950
951
952
953
954
955
956
957
958
959
960
961
962
963
964
965
966
967
968
969
970
971
972
973
974
975
976
977
978
979
980
981
982
983
984
985
986
987
988
989
990
991
992
993
994
995
996
997
998
999
1000
1001
1002
1024
1025
1026
1027
1028
1029
1030
1031
1032
1033
1034
1035
1036
1037
1038
1039
1040
1041
1042
1043
1044
1045
1046
1047
1048
1049
1050
1051
1052
1053
1054
1055
1056
1057
1058
1059
1060
1061
1062
1063
1064
1065
1066
1067
1068
1069
1070
1071
1072
1073
1074
1075
1076
1077
1078
1079
1080
1081
1082
1083
1084
1085
1086
1087
1088
1089
1090
1091
1092
1093
1094
1095
1096
1097
1098
1099
1100
1101
1102
1103
1104
1105
1106
1107
1108
1109
1110
1111
1112
1113
1114
1115
1116
1117
1118
1119
1120
1121
1122
1123
1124
1125
1126
1127
1128
1129
1130
1131
1132
1133
1134
1135
1136
1137
1138
1139
1140
1141
1142
1143
1144
1145
1146
1147
1148
1149
1150
1151
1152
1153
1154
1155
1156
1157
1158
1159
1161
1162
1163
1164
1165
1166
1167
1168
1169
1170
1171
1172
1173
1174
1175
1176
1177
1178
1179
1181
1182
1183
1185
1187
1188
1189
1190
1191
1192
1193
1194
1195
1196
1197
1198
1199
1200
1296
1297
1298
1299
1322
1323
1324
1325
1328
1329
1330
1332
1333
1334
1337
1338
1339
1345
1347
1348
1349
1350
1351
1352
1353
1354
1355
1356
1357
1358
1359
1360
1361
1362
1363
1364
1365
1366
1367
1368
1369
1370
1371
1372
1373
1374
1375
1376
1377
1378
1379
1380
1381
1382
1383
1384
1385
1386
1387
1388
1389
1390
1391
1392
1393
1394
1395
1396
1397
1398
1399
1400
1401
1402
1403
1404
1405
1406
1407
1408
1409
1410
1411
1412
1413
1414
1415
1416
1417
1418
1419
1420
1421
1422
1423
1424
1425
1426
1427
1428
1429
1430
1431
1432
1433
1434
1435
1436
1437
1438
1439
1440
1441
1442
1443
1444
1445
1446
1447
1448
1449
1450
1451
1452
1453
1454
1455
1456
1457
1458
1459
1460
1461
1462
1463
1464
1465
1466
1467
1468
1469
1470
1471
1472
1473
1474
1475
1476
1477
1478
1479
1480
1481
1482
1483
1484
1485
1486
1487
1488
1489
1490
1491
1492
1493
1494
1495
1496
1497
1498
1499
1500
1501
1502
1503
1504
1505
1506
1507
1508
1509
1510
1511
1512
1513
1514
1515
1516
1517
1518
1519
1520
1521
1522
1523
1524
1525
1526
1527
1528
1529
1530
1531
1532
1533
1534
1535
1536
1537
1538
1539
1540
1541
1542
1543
1544
1545
1546
1547
1548
1549
1550
1551
1552
1553
1554
1555
1556
1557
1558
1559
1560
1561
1562
1563
1564
1565
1566
1567
1568
1569
1570
1571
1572
1573
1574
1575
1576
1577
1578
1579
1580
1581
1582
1583
1584
1585
1586
1587
1588
1589
1590
1591
1592
1593
1594
1595
1596
1597
1598
1599
1604
1605
1606
1607
1608
1609
1610
1611
1612
1613
1614
1615
1616
1617
1618
1619
1620
1621
1622
1623
1624
1625
1626
1627
1628
1629
1630
1631
1633
1635
1636
1637
1638
1639
1640
1641
1642
1643
1644
1645
1646
1647
1648
1649
1650
1651
1652
1653
1654
1655
1656
1657
1658
1662
1676
1677
1764
1770
1771
1772
1773
1774
1775
1776
1777
1788
1789
1790
1791
1792
1793
1794
1795
1796
1797
1798
1799
1800
1801
1803
1804
1806
1807
1808
1809
1810
1811
1812
1813
1814
1815
1816
1817
1818
1819
1820
1821
1822
1823
1824
1825
1826
1827
1828
1829
1830
1831
1832
1833
1834
1835
1836
1837
1838
1839
1840
1841
1842
1843
1844
1845
1846
1847
1848
1849
1850
1851
1852
1853
1854
1855
1856
1857
1858
1859
1860
1861
1862
1863
1864
1865
1866
1867
1868
1869
1870
1871
1872
1873
1874
1875
1876
1877
1878
1879
1880
1881
1882
1883
1884
1885
1886
1887
1888
1889
1890
1891
1892
1893
1894
1895
1896
1897
1898
1899
1900
1901
1902
1903
1904
1905
1906
1907
1908
1909
1910
1911
1912
1913
1914
1915
1916
1917
1918
1919
1920
1921
1922
1923
1924
1925
1926
1927
1928
1929
1934
1935
1936
1991
1992
1993
2006
2007
2008
2090
2091
2092
2114
2115
2116
2141
2142
2143
2189
2190
2191
2195
2196
2197
2264
2265
2266
2273
2274
2275
2294
2295
2296
2357
2358
2359
2366
2367
2368
2378
2379
2380
2438
2439
2440
2465
2466
2467
2489
2490
2491
2519
2520
2521
2648
2649
2650
2711
2712
2713
2744
2745
2746
2855
2856
2857
2879
2880
2881
2915
2916
2917
3065
3066
3067
3110
3111
3112
3125
3126
3127
3146
3147
3148
3209
3210
3211
3242
3243
3244
3281
3282
3283
3398
3399
3400
3461
3462
3463
3497
3498
3499
3530
3531
3532
3620
3621
3622
3626
3627
3628
3656
3657
3658
3680
3681
3682
3683
3684
3685
3701
3702
3703
3716
3717
3718
3731
3732
3733
3737
3738
3739
3743
3744
3745
3809
3810
3811
3821
3822
3823
3833
3834
3835
3881
3882
3883
3896
3897
3898
3935
3936
3937
3947
3948
3949
3980
3981
3982
4022
4023
4024
4025
4026
4027
4073
4074
4075
4151
4152
4153
4175
4176
4177
4271
4272
4273
4286
4287
4288
4343
4344
4345
4349
4350
4351
4385
4386
4387
4454
4455
4456
4475
4476
4477
4529
4530
4531
4553
4554
4555
4784
4785
4786
4805
4806
4807
4823
4824
4825
4838
4839
4840
4991
4992
4993
5036
5037
5038
5054
5055
5056
5183
5184
5185
5216
5217
5218
5222
5223
5224
5375
5376
5377
5390
5391
5392
5396
5397
5398
5429
5430
5431
5507
5508
5509
5555
5556
5557
5558
5559
5560
5591
5592
5593
5651
5652
5653
5672
5673
5674
5705
5706
5707
5744
5745
5746
5759
5760
5761
5816
5817
5818
5879
5880
5881
5930
5931
5932
6167
6168
6169
6176
6177
6178
6203
6204
6205
6329
6330
6331
6356
6357
6358
6365
6366
6367
6386
6387
6388
6458
6459
6460
6515
6516
6517
6542
6543
6544
6620
6621
6622
6629
6630
6631
6662
6663
6664
6683
6684
6685
6686
6687
6688
6809
6810
6811
6953
6954
6955
6980
6981
6982
7022
7023
7024
7028
7029
7030
7070
7071
7072
7217
7218
7219
7328
7329
7330
7349
7350
7351
7367
7368
7369
7406
7407
7408
7430
7431
7432
7490
7491
7492
7517
7518
7519
7538
7539
7540
7577
7578
7579
7580
7581
7582
7592
7593
7594
7649
7650
7651
7658
7659
7660
7703
7704
7705
7796
7797
7798
7802
7803
7804
7865
7866
7867
7916
7917
7918
7943
7944
7945
7994
7995
7996
8027
8028
8029
8108
8109
8110
8111
8112
8113
8195
8196
8197
8243
8244
8245
8276
8277
8278
8285
8286
8287
8336
8337
8338
8348
8349
8350
8354
8355
8356
8384
8385
8386
8432
8433
8434
8438
8439
8440
8612
8613
8614
8639
8640
8641
8654
8655
8656
8699
8700
8701
8726
8727
8728
8777
8778
8779
8837
8838
8839
8972
8973
8974
8996
8997
8998
9035
9036
9037
9038
9039
9040
9059
9060
9061
9086
9087
9088
9140
9141
9142
9179
9180
9181
9218
9219
9220
9356
9357
9358
9359
9360
9361
9392
9393
9394
9407
9408
9409
9455
9456
9457
9551
9552
9553
9578
9579
9580
9596
9597
9598
9620
9621
9622
9632
9633
9634
9647
9648
9649
9680
9681
9682
9731
9732
9733
9743
9744
9745
9755
9756
9757
9809
9810
9811
9890
9891
9892
9911
9912
9913
9914
9915
9916
9923
9924
9925
9959
9960
9961
9974
9975
9976
10115
10116
10117
10196
10197
10198
10208
10209
10210
10211
10212
10213
10241
10242
10243
10250
10251
10252
10310
10311
10312
10325
10326
10327
10352
10353
10354
10385
10386
10387
10388
10389
10390
10430
10431
10432
10457
10458
10459
10496
10497
10498
10538
10539
10540
10571
10572
10573
10601
10602
10603
10619
10620
10621
10652
10653
10654
10658
10659
10660
10685
10686
10687
10718
10719
10720
10772
10773
10774
10814
10815
10816
10820
10821
10822
10958
10959
10960
10973
10974
10975
10976
10977
10978
11018
11019
11020
11108
11109
11110
11183
11184
11185
11192
11193
11194
11261
11262
11263
11279
11280
11281
11372
11373
11374
11429
11430
11431
11438
11439
11440
11447
11448
11449
11456
11457
11458
11477
11478
11479
11513
11514
11515
11576
11577
11578
11678
11679
11680
11708
11709
11710
11804
11805
11806
11876
11877
11878
11897
11898
11899
11903
11904
11905
11981
11982
11983
11984
11985
11986
12077
12078
12079
12140
12141
12142
12173
12174
12175
12182
12183
12184
12203
12204
12205
12281
12282
12283
12290
12291
12292
12491
12492
12493
12503
12504
12505
12542
12543
12544
12551
12552
12553
12554
12555
12556
12578
12579
12580
12620
12621
12622
12647
12648
12649
12662
12663
12664
12677
12678
12679
12680
12681
12682
12707
12708
12709
12713
12714
12715
12752
12753
12754
12812
12813
12814
12845
12846
12847
12851
12852
12853
12872
12873
12874
12905
12906
12907
12932
12933
12934
13175
13176
13177
13232
13233
13234
13328
13329
13330
13412
13413
13414
13430
13431
13432
13463
13464
13465
13469
13470
13471
13595
13596
13597
13658
13659
13660
13685
13686
13687
13781
13782
13783
13814
13815
13816
13859
13860
13861
13925
13926
13927
13937
13938
13939
13943
13944
13945
13958
13959
13960
13985
13986
13987
13988
13989
13990
14207
14208
14209
14243
14244
14245
14354
14355
14356
14390
14391
14392
14414
14415
14416
14528
14529
14530
14570
14571
14572
14618
14619
14620
14642
14643
14644
14690
14691
14692
14720
14721
14722
14801
14802
14803
14840
14841
14842
14864
14865
14866
14873
14874
14875
14924
14925
14926
15005
15006
15007
15119
15120
15121
15137
15138
15139
15236
15237
15238
15281
15282
15283
15290
15291
15292
15311
15312
15313
15326
15327
15328
15380
15381
15382
15386
15387
15388
15422
15423
15424
15428
15429
15430
15503
15504
15505
15548
15549
15550
15632
15633
15634
15680
15681
15682
15683
15684
15685
15722
15723
15724
15809
15810
15811
15824
15825
15826
15914
15915
15916
15938
15939
15940
15959
15960
15961
15968
15969
15970
15980
15981
15982
16046
16047
16048
16055
16056
16057
16067
16068
16069
16079
16080
16081
16133
16134
16135
16247
16248
16249
16295
16296
16297
16346
16347
16348
16490
16491
16492
16508
16509
16510
16535
16536
16537
16544
16545
16546
16613
16614
16615
16625
16626
16627
16646
16647
16648
16682
16683
16684
16739
16740
16741
16802
16803
16804
16871
16872
16873
16922
16923
16924
16973
16974
16975
17027
17028
17029
17069
17070
17071
17138
17139
17140
17162
17163
17164
17189
17190
17191
17345
17346
17347
17348
17349
17350
17354
17355
17356
17375
17376
17377
17390
17391
17392
17417
17418
17419
17450
17451
17452
17474
17475
17476
17552
17553
17554
17573
17574
17575
17579
17580
17581
17600
17601
17602
17627
17628
17629
17708
17709
17710
17861
17862
17863
17876
17877
17878
17909
17910
17911
17915
17916
17917
17948
17949
17950
17960
17961
17962
18029
18030
18031
18092
18093
18094
18095
18096
18097
18146
18147
18148
18176
18177
18178
18191
18192
18193
18203
18204
18205
18254
18255
18256
18263
18264
18265
18359
18360
18361
18377
18378
18379
18392
18393
18394
18425
18426
18427
18428
18429
18430
18449
18450
18451
18476
18477
18478
18557
18558
18559
18590
18591
18592
18599
18600
18601
18638
18639
18640
18647
18648
18649
18713
18714
18715
18734
18735
18736
18758
18759
18760
18977
18978
18979
18998
18999
19000
19058
19059
19060
19067
19068
19069
19091
19092
19093
19094
19095
19096
19190
19191
19192
19199
19200
19201
19226
19227
19228
19244
19245
19246
19295
19296
19297
19316
19317
19318
19343
19344
19345
19361
19362
19363
19397
19398
19399
19433
19434
19435
19451
19452
19453
19499
19500
19501
19508
19509
19510
19520
19521
19522
19595
19596
19597
19634
19635
19636
19667
19668
19669
19781
19782
19783
20009
20010
20011
20045
20046
20047
20108
20109
20110
20117
20118
20119
20132
20133
20134
20222
20223
20224
20291
20292
20293
20423
20424
20425
20465
20466
20467
20519
20520
20521
20603
20604
20605
20654
20655
20656
20747
20748
20749
20774
20775
20776
20876
20877
20878
20969
20970
20971
21026
21027
21028
21062
21063
21064
21125
21126
21127
21227
21228
21229
21314
21315
21316
21317
21318
21319
21335
21336
21337
21347
21348
21349
21437
21438
21439
21452
21453
21454
21470
21471
21472
21488
21489
21490
21518
21519
21520
21647
21648
21649
21659
21660
21661
21680
21681
21682
21752
21753
21754
21785
21786
21787
21794
21795
21796
21917
21918
21919
21926
21927
21928
21983
21984
21985
21995
21996
21997
22031
22032
22033
22061
22062
22063
22079
22080
22081
22127
22128
22129
22316
22317
22318
22397
22398
22399
22400
22401
22402
22673
22674
22675
22757
22758
22759
22973
22974
22975
23021
23022
23023
23129
23130
23131
23144
23145
23146
23204
23205
23206
23231
23232
23233
23258
23259
23260
23294
23295
23296
23315
23316
23317
23372
23373
23374
23375
23376
23377
23393
23394
23395
23498
23499
23500
23579
23580
23581
23624
23625
23626
23648
23649
23650
23651
23652
23653
23663
23664
23665
23732
23733
23734
23738
23739
23740
23750
23751
23752
23918
23919
23920
23933
23934
23935
23978
23979
23980
24017
24018
24019
24047
24048
24049
24095
24096
24097
24137
24138
24139
24185
24186
24187
24227
24228
24229
24230
24231
24232
24293
24294
24295
24326
24327
24328
24359
24360
24361
24374
24375
24376
24626
24627
24628
24704
24705
24706
24707
24708
24709
24752
24753
24754
24755
24756
24757
24767
24768
24769
24794
24795
24796
24944
24945
24946
24968
24969
24970
25106
25107
25108
25138
25140
25167
